0.4260148509564276
0.17369735034880784
0.03885423219761924
0.48096122515990747
0.288959645965663
0.4449675909554571
0.10097462713976207
0.04115143436327545
0.46646480616807834
0.42539938988350395
4.262552633264531
2.6809044832551483
1.071955224126705
1.7521489456306605
2.3150404756008482
3.6513311135719193
1.6672562206182033
2.3398761250027897
0.7423639646262162
2.320081020225148
8.678800490861352
7.749195117906291
5.867720333533769
6.174372910661325
6.386792067150265
6.388099114311323
7.706050648598232
9.16599813301638
9.9554901425359
6.114292911871255
18.932664272711854
13.099350347455626
13.71108756026051
12.407932020748028
18.020799984399
18.387573748975306
14.694278601117626
16.825323131022643
16.6357861670631
14.80499047645251
24.42485100449396
25.064048398132762
30.22405555350247
25.682826167665887
31.412621586447123
33.8917666945303
22.60131946801181
33.163637946182206
34.999304238707595
30.111247672185023
168.15151936703975
131.97250392093994
121.01591906663519
80.68400487528335
106.61345823060486
74.57627067437095
113.73661240430386
92.46136102189948
137.93124572367893
105.60601450222761